# My phone camera (Samsung S21 FE)
width: 1440
height: 1080
fx: 1095.1245833946907
fy: 1094.3580648863167
cx: 720.0
cy: 540.0
model: "OPENCV"
distortion: [0.05034023997067791, -0.043216212746082325, -0.0014314791258299502, 0.0008191675045178124]
