# 180-degree fisheye camera with a circle visible
width: 848
height: 800
fx: 285.8460998535156
fy: 286.0205993652344
cx: 418.7644958496094
cy: 415.0235900878906
model: "OPENCV_FISHEYE"
distortion: [-0.009076775051653385, 0.043123308569192886, -0.03921201080083847, 0.006694579962641001]
